rozmiar = 2413 602;
platforma =
	15 468 187
	208 449 147
	412 359 134
	191 421 47
	164 396 39
	145 372 28
	127 351 20
	103 329 20
	80 308 20
	56 288 20
	31 268 20
	250 136 139
	606 456 183
	841 508 162
	1090 487 480
	1732 438 647
	2030 167 69
	1902 407 68
	77 240 172
	1997 387 78
	1633 591 146;

kolce =
	613 431 36
	754 431 35
	849 483 20
	1873 413 510
	979 483 20;

meta = 2405 361 588;

bohater = 48 397;

skrzynka =
	1221 336 236 146 10;

przeciwnik = 

	1245 281
	1300 274
	1355 276
	1408 277
	1097 432
	1922 349
	264 82
	333 81
	2019 323;

przeciwnik_tchorz = 

	2049 114;

