rozmiar = 3219 600;
platforma =
	7 487 226
	159 458 96
	255 400 147
	420 339 176
	672 405 244
	773 257 116
	910 373 111
	969 345 76
	984 312 80
	998 280 111
	1021 245 196
	1490 328 236
	1307 375 71
	1404 447 523
	1933 419 169
	2048 392 92
	2094 365 214
	2086 341 59
	2065 311 72
	2068 282 102
	2321 308 303
	2634 375 240
	2799 345 188
	230 313 109
	1426 156 205;

kolce =
	479 314 55
	780 380 75
	1478 422 388
	2714 350 55
	11 462 52;

meta = 2904 229 330;

bohater = 93 419;

skrzynka =
	200 412 38 37 10
	2197 334 34 26 10
	311 273 31 31 10;

serduszko =
	546 274
	1021 182
	1597 387
	2086 213;

przeciwnik = 

	772 193
	815 195
	858 198
	1574 92
	1487 85
	1416 96
	1491 252
	1622 253
	2452 247
	2556 248;

przeciwnik_tchorz = 

	1690 265
	249 242;

